1 0.004724558
2 0.009256974
3 0.01353241
4 0.017642908
5 0.021473051
6 0.025325004
7 0.028776978
8 0.032327586
9 0.035923841
10 0.038629925
11 0.041713014
12 0.044352454
13 0.047725103
14 0.049439684
15 0.052146706
16 0.054894785
17 0.057350411
18 0.058777429
19 0.061362242
20 0.063264445
21 0.066006601
22 0.067129112
23 0.068807339
24 0.07070469
25 0.072028812
26 0.072219547
27 0.075225677
28 0.077041602
29 0.078064012
30 0.07959671
31 0.079893475
32 0.080235357
33 0.082079343
34 0.082079343
35 0.082191781
36 0.083010515
37 0.084697911
38 0.085763293
39 0.086355786
40 0.086206897
41 0.087540123
42 0.08797654
43 0.086330935
44 0.087847731
45 0.090552369
46 0.090198437
47 0.090964221
48 0.090991811
49 0.092821782
50 0.091491308
51 0.092735703
52 0.092850511
53 0.09299442
54 0.093955528
55 0.092137592
56 0.093896714
57 0.092307692
58 0.094014416
59 0.093603744
60 0.093984962
61 0.094607379
62 0.094161959
63 0.094102886
64 0.093896714
65 0.096339114
66 0.096153846
67 0.095057034
68 0.093691443
69 0.094339623
70 0.094369299
71 0.096184675
72 0.094906675