1   0.004299473
2   0.008553344
3   0.01257598
4   0.01630169
5   0.02004008
6   0.023366306
7   0.0270027
8   0.030413625
9   0.033527045
10   0.036778227
11   0.039432177
12   0.042289259
13   0.044869877
14   0.047125353
15   0.049726504
16   0.051422695
17   0.053792361
18   0.055268976
19   0.057449253
20   0.059031877
21   0.060422961
22   0.062305296
23   0.063357973
24   0.063884157
25   0.066239788
26   0.066533599
27   0.067324955
28   0.068540096
29   0.069252078
30   0.070738033
31   0.071292776
32   0.072744908
33   0.07315289
34   0.073728189
35   0.07387343
36   0.074701195
37   0.07532011
38   0.075987842
39   0.076628352
40   0.076647931
41   0.077379417
42   0.077459334
43   0.077081192
44   0.077780659
45   0.077962578
46   0.077760498
47   0.079134793
48   0.07788162